0.0 -0.547434242021 -0.290591859301 -0.295256737077 0.39484311535 -0.338549920253 0.634910025868 0.0 0.239927809144 0.62997020959 -0.383552791393 0
0.0 -0.0723401632103 0.748927736599 -0.237177375565 0.496422647783 0.45624977081 0.998843558668 0.0 0.722181046928 1.09105333044 0.116978992328 1
0.0 -0.766014366847 0.484778499436 0.0674390422889 0.241267243069 0.293896432353 0.568212093728 0.0 0.665808714717 1.42717671887 0.129767553577 2
0.0 -0.397719112244 -0.166726096167 -0.231577016604 0.354877857397 -0.273480326523 0.555030434838 0.0 0.250526599096 0.559133849237 -0.209137338565 0
0.0 -0.680372908574 0.731688348906 -0.379288536592 0.184087526315 0.267219098104 0.897949973344 0.0 0.611454161042 1.20371587982 0.28409792793 1
0.0 -0.448686591494 0.707562334551 -0.588499340218 -0.00077194634839 0.36341016813 0.247264114144 0.0 0.56831356137 0.65938559853 -0.464416110028 2
0.0 -0.457371088121 -0.120503987958 -0.618535307509 0.520953425791 -0.0520489694564 0.775249368409 0.0 0.0697543662252 0.53486795555 -0.22611907993 0
0.0 -0.520270999644 0.812528461365 -0.643040201145 0.369118608477 0.149705516994 0.988936646903 0.0 0.5564851415 1.29134521388 0.102307859839 1
0.0 -0.282565681734 0.416881097335 -0.388431943282 0.0231213985851 0.384873655166 0.355045915485 0.0 0.230540430329 0.853900957984 -0.081146186699 2
0.0 -0.863632514401 -0.212940939624 -0.312431531573 0.266757530808 -0.132776944662 0.680841883739 0.0 0.317746721398 0.559878040334 -0.381924323619 0
0.0 -0.457839692692 -0.171022713618 -0.714466436992 0.421342996607 -0.175120011435 0.616863822825 0.0 0.511335382262 0.708697965633 -0.354156382182 0
0.0 -0.724841729055 0.778343102174 -0.36992261818 0.097590493713 0.182780605276 0.507814440885 0.0 0.668290229646 0.813602677559 0.00771040155437 1
0.0 -0.355984934094 0.875998144414 -0.588050227125 0.239717403512 0.119371842684 0.670561498598 0.0 0.687419611071 0.978402137129 0.00656284675001 1
0.0 -0.639403119521 -0.0947855824982 0.0483662111335 0.366746563887 -0.0378688359189 0.409335550703 0.0 -0.084529838808 0.420136143138 -0.212539521694 0
0.0 -0.515866607444 -0.120359505505 -0.0290814012117 0.658656463929 -0.0780353391199 0.603091754341 0.0 0.188837739461 0.2963092755 -0.0209931767208 0
0.0 -0.246777184069 0.109298168281 0.179240528839 0.148625542127 0.2369842254 0.516470275584 0.0 0.578401964062 1.20371167556 0.00669176845997 2
0.0 -0.240593317951 0.480941685917 -0.0200628178348 0.515077251185 -0.15106280631 0.376736505566 0.0 0.569564381656 1.22413301799 0.0134760058776 2
0.0 -0.201870483952 0.411872437342 0.251347919056 0.349645359605 0.13139490944 0.350170018129 0.0 0.591823528955 1.24644310611 0.0549638717949 2
0.0 -0.487273143999 0.00265516499068 -0.445257183503 0.370547847084 -0.0833420643976 0.958000440771 0.0 0.414875343672 0.560456333341 -0.111379244326 0
0.0 -0.595890025581 0.912268451296 -0.44760745106 0.238812406808 0.136062794158 0.540867340105 0.0 0.766025895139 0.977435855663 -0.054597693222 1
0.0 -0.491386979843 0.565659044975 -0.0170608653167 0.0677112689714 0.288442036645 0.589247034871 0.0 0.687568648465 1.3684437139 0.17129467266 2
0.0 -0.413799452043 0.79392038189 -0.365188001109 0.212157713913 0.196315032972 0.541593669473 0.0 0.840822236675 0.757711766396 -0.0225110864375 1
0.0 -0.69355382571 -0.0418431846301 -0.565045445657 0.443660228768 -0.0602765506465 0.835800869792 0.0 0.227012585684 0.361571710794 -0.133386449109 0
0.0 -0.204446732775 0.649302896265 -0.206178724111 -0.0831697080787 -0.0593470423262 0.559916756518 0.0 0.69686191866 1.30652885386 -0.0605042611424 2
0.0 -0.228109576308 0.460406465394 -0.447958504268 0.127375800398 -0.0995877947581 0.655375721397 0.0 0.715674688484 1.94773771817 0.0550314180873 2
0.0 -0.655049528201 -0.0700472195933 -0.179294991032 0.245592936332 0.078137521219 0.397154696226 0.0 -0.313172440116 0.3991908349 -0.212158543468 0
0.0 -0.67276812198 -0.19991941904 -0.142740841292 0.354811808174 -0.0912118361973 0.586125363196 0.0 0.183863749805 0.438054609599 -0.264309670239 0
0.0 -0.202140292675 0.958789209256 -0.576841498973 0.299174889811 0.106717899978 0.674473781767 0.0 0.779014655276 1.24448757279 -0.162602189822 1
0.0 -0.410272461593 0.216444450491 -0.190704951095 0.254597079028 0.531937670937 0.729649834206 0.125 0.442208562803 1.17224253997 0.164578502824 2
0.0 -0.176491813905 0.841703704981 -0.202399894834 0.218263950157 0.31703447438 0.561569799318 0.0 0.833659762981 0.820442033941 0.127735442721 1
0.0 -0.436574708357 0.678910517776 -0.540696680747 0.19832369159 0.210847836424 0.508963643192 0.0 0.840828379811 1.04762800466 0.134948724909 1
0.0 -0.150506137295 0.892822570785 -0.0987853866956 0.504591121989 0.527817189831 0.708527327971 0.0 0.837118968218 0.678502680423 0.189360737499 1
0.0 -0.26785586173 0.557413311949 0.144561786115 0.385122172914 0.662478367599 0.587155459041 0.0 0.878131346298 0.719924921478 0.06171632118 1
0.0 -0.848079630945 -0.404326465884 -0.5482655452 0.362923956582 0.0620523713658 0.735818862278 0.0 0.000395387690754 0.43206757907 -0.0684256845348 0
0.0 -0.593334637697 0.719457091226 -0.596301418809 0.0685470588696 0.227333161337 0.53176127358 0.0 0.691615428057 0.992555681541 0.165711072101 1
0.0 -0.579970556408 0.276472256901 -0.0626717653296 0.261487950503 0.412963771373 0.636076628673 0.0 0.541926199894 1.3751902308 0.172944087865 2
0.0 -0.029361463956 0.351061827114 0.151258258757 0.524091868783 0.132748293381 0.301944226337 0.0 0.372962810673 1.16153552474 0.0139327573367 2
0.0 -0.128021912156 0.363577818506 0.0421222239848 0.143290246549 0.159830584384 0.324964728366 0.0 0.31259999205 0.940272559001 -0.14057119192 2
0.0 -0.703207804593 -0.214204185772 -0.512984955575 0.387868654934 0.0145175490467 0.899665220263 0.0 0.228511803501 0.365261179224 -0.186725602461 0
0.0 -0.890988592448 -0.217913934969 -0.314312392799 0.34654016155 -0.197834105897 0.468194887008 0.0 0.126818087505 0.211679828252 -0.130068441099 0
0.0 -0.266345660508 0.387316099622 -1.06843533042 0.318238924333 -0.356116788959 0.862150543417 0.0 0.140311386381 1.30524663126 0.115355471526 1
0.0 -0.231107126435 0.353389617448 -0.131963543079 0.174619206322 0.327990367282 0.496267710787 0.25 0.371646146411 0.97135003865 0.283842828414 2
0.0 -0.860936082671 -0.210657751599 -0.671802304512 0.341874217004 -0.178909771526 0.725537754736 0.0 0.341288514923 0.463692221829 -0.209628306331 0
0.0 -0.813581228178 0.741012423963 -0.606176655025 0.142300650534 0.252327279018 0.602035653157 0.0 0.63934849741 1.16201460991 -0.0436856574058 1
0.0 -0.141430602322 0.169630281038 -0.245255664967 -0.0139491716532 0.508939416834 0.486502175273 0.125 0.204845139106 1.13814555632 0.271582892484 2
0.0 -0.594766964531 -0.226572785133 -0.538568565541 0.499909883807 0.0556214733247 0.787318063472 0.0 0.293133686907 0.410288076736 -0.0723890368403 0
0.0 -0.436562601836 0.483108272682 -0.717019210089 0.163065511534 0.149935519345 0.595050252401 0.0 0.198468777984 1.05340503855 -0.0553950008531 1
0.0 -0.0623735511756 0.726871354448 -0.513542785077 0.127327224135 0.165433054393 0.321330651014 0.0 0.305518731572 1.09057438945 -0.104488283332 2
0.0 -0.621989026283 -0.169254886572 -0.461152851591 0.324666681574 -0.217009498005 0.917149650793 0.0 0.34641142651 0.682120845406 -0.278426504156 0
0.0 -0.665408733639 -0.234819353053 -0.489475791152 0.309318647518 -0.207456489253 0.777740834192 0.0 0.307011249499 0.462034877549 -0.270128800988 0
0.0 -0.613178100152 0.624102345333 -0.803855150543 0.548132345079 -0.26703153869 1.10046572012 0.0 0.534822982079 1.51251434353 0.18018795323 1
0.0 -0.693892912922 0.32625549447 -0.830182424463 0.333773906719 -0.358401775093 0.771748821086 0.0 0.0593061343672 1.01892205998 0.109846990748 1
0.0 -0.639096972989 -0.212305455021 -0.160699136584 0.336138723407 -0.172701232947 0.766339937166 0.0 0.260975885416 0.525360390512 -0.187792215682 0
0.0 -0.745589591392 -0.208366484885 -0.244166954954 0.49429047339 -0.0280114813852 0.826681451587 0.0 0.371483386336 0.29331213866 -0.114621899516 0
0.0 -0.313957488136 0.351570187746 -0.060821179074 0.310865764885 0.283913496253 0.453735605412 0.0 0.185855742913 0.991893586215 0.0677944708207 2
0.0 -0.247412075302 0.302571907806 -0.166466024305 0.0364895129472 0.374176565699 0.411810426168 0.0 0.251826051683 1.03564696722 0.351264200836 2
0.0 -0.296429463464 0.196619800267 -0.188517363411 0.301566262691 0.457121158839 0.500402050114 0.0 0.316420544373 0.635977467398 0.0952971452013 2
0.0 -0.714067521703 -0.176273016414 -0.57474318811 0.557969148073 -0.167017154513 1.13010855236 0.0 0.352807804815 0.449035519453 -0.201845118887 0
0.0 -0.675864320986 0.70485274553 -0.7125071027 0.473939716545 0.178009348024 1.00883348127 0.0 0.338254250957 1.35972797306 0.0712294880748 1
0.0 -0.478257525781 0.478355697991 -0.346934372784 0.308700439554 0.469129058708 0.679256000515 0.0 0.375542407841 1.04647781239 -0.0400923022921 2
0.0 -0.830802559681 0.708677291311 -0.390198554959 0.0247878177089 0.297465143461 0.73468967011 0.0 0.697445988203 1.25169012419 0.202349429191 1
0.0 -0.749837262479 -0.266522100926 -0.42363527484 0.404185328672 -0.134779057722 0.814446914906 0.0 0.349722646682 0.375426536559 -0.261346434851 0
0.0 -0.242195602561 0.664288324851 -0.331669475839 0.278048227969 0.175775320524 0.260328019674 0.0 0.409866003999 0.773836983697 -0.286208826724 2
0.0 -0.490876881222 0.288770031599 -0.269736342713 0.178175805549 0.34341821051 0.467848855214 0.0 0.363456158667 0.736729586182 0.0953841070384 2
0.0 -0.821960921401 0.0878400434681 -0.527892090289 0.490457426361 -0.197775213585 1.10694718474 0.0 0.383623429891 0.524680395158 -0.11167409497 0
0.0 -1.03016704783 -0.272065887727 -0.498952308105 0.524894258705 0.00278996806635 1.06569819675 0.0 0.361506342052 0.505803843946 -0.189587641825 0
0.0 -0.575527141093 0.641486401209 -0.809416778839 0.335264375788 0.13306534185 0.946026475894 0.0 0.401624213054 1.37377880598 0.0309006208325 1
0.0 -0.209762822521 0.167978780717 -0.161016984368 0.176838930888 0.364729597405 0.511080419798 0.0 0.306733026355 0.847928080855 0.193372623058 2
0.0 -0.708069948427 0.688836269653 -0.415429159169 -0.102625882328 0.26554894501 0.870469134762 0.0 0.474206949135 1.68373957701 0.33540460243 1
0.0 -0.671018953557 0.427678907261 -0.888310871537 0.192953133526 0.0805457441511 0.834356278891 0.0 0.0558463040805 1.24980960542 0.226861194814 1
0.0 -0.61162220704 0.721334752717 -0.401656094564 0.421606304995 0.470836142122 1.01139795503 0.0 0.538580540926 1.23848145914 0.137010314456 1
0.0 -0.735224374952 0.668464657379 -0.404151586039 0.195121918574 0.249812852449 0.757511072366 0.0 0.660362301562 1.1759441288 0.148540658372 1
0.0 -0.857117325004 -0.269766413081 -0.248658227825 0.221668292545 -0.280567041608 0.706218304306 0.0 0.21856360027 0.561215892705 -0.260405098869 0
0.0 -0.550546990118 0.642766521114 -0.619554294072 0.398322807992 0.184252876918 1.18532078878 0.0 0.478899695514 1.37070082674 0.0822841853115 1
0.0 -0.511369155966 0.251402389832 -0.0131490785657 0.275188840452 0.338904229433 0.535846529932 0.125 0.548485223424 0.717745036896 0.0966331708197 2
0.0 -0.596724066892 0.131640636258 -0.116483494099 0.226778735135 0.447278979259 0.564063145232 0.25 0.448630679651 0.952384307546 0.215547336477 2
0.0 -0.0952716886392 0.340812840979 -0.100680006572 0.308259204412 0.369946943067 0.534946020502 0.0 0.552635901431 0.929392371226 -0.0038959915505 2
0.0 -0.905606737131 -0.355623987556 -0.419814199025 0.455422681879 -0.160162907642 0.821775696795 0.0 0.208057514693 0.422275368284 -0.0817967171443 0
0.0 -0.536507355102 -0.22991569967 -0.22843799136 0.438006804426 -0.336256967079 0.720046616103 0.0 0.428032923563 0.506042456267 -0.268514399139 0
0.0 -0.177450684432 0.528436526654 0.0150096865484 0.405826464797 0.567350765223 0.586309245777 0.0 0.806615785611 1.19193348829 0.402194882276 1
0.0 -0.0710937669541 0.257795858108 -0.27659555464 0.172735186398 0.403266451471 0.368882631714 0.0 0.303065042253 0.935370472947 -0.0403112898515 2
0.0 -0.610211474714 -0.176523962239 -0.182071935698 0.163911869535 -0.139214018261 0.588429227786 0.0 0.24319174105 0.341997030217 -0.1687756996 0
0.0 -0.497060672716 0.704606150214 -0.230472637907 0.0525546250962 0.260602503056 0.631788000818 0.0 0.807188081175 1.15049026339 0.351913223404 1
0.0 -0.103433238791 0.371425893611 -0.23466843953 0.238383475309 0.434450858372 0.47814638248 0.0 0.244965239514 1.04097775149 0.0457373527007 2
0.0 -0.462317347995 -0.154901877994 -0.29795698647 0.402438167583 -0.134155372873 0.459567936838 0.0 0.0934788236123 0.505588007233 -0.148373722497 0
0.0 -0.389929457995 0.761052562487 -0.0874294528492 0.0757796534273 0.487551918631 0.906070934318 0.0 0.712161119425 1.36109881657 0.162846189712 1
0.0 -0.337276583149 0.307021115721 -0.0344574007195 -0.0134395590548 0.278328471032 0.348097337595 0.125 0.337360988072 1.24835227064 0.257808101996 2
0.0 -0.184586410888 -0.260432278004 -0.351290721519 0.368623171198 -0.270031299837 0.469719303625 0.0 0.375005105729 0.505491909786 -0.0948682944809 0
0.0 -0.516953907006 -0.120724008185 -0.0781902423264 0.426648928508 -0.227866414585 0.592104804951 0.0 0.353185297324 0.611996975935 -0.195275261336 0
0.0 -0.298065414589 0.596741112723 -0.407023187338 0.106001068738 0.614025827163 0.583698087194 0.0 0.900440415598 0.943412734685 0.0543260183017 1
0.0 -0.658736420128 0.539499812263 -0.33364845003 0.631628875616 0.367138710626 0.931504438398 0.0 0.542935482798 1.16279418046 0.301688428492 1
0.0 -0.654924534478 -0.195068583367 0.0268415345989 0.137746211497 -0.0964348195391 0.386527120838 0.0 0.0239448825143 0.588902704168 -0.218408336733 0
0.0 -0.635612676783 -0.193496621177 -0.0789036403008 0.184644225405 -0.152554112318 0.428040436497 0.0 -0.138406032568 0.549013989775 -0.323170147608 0
0.0 -0.343474928958 0.134370512941 -0.0559901779141 0.0216720607112 0.270312667685 0.444377084857 0.375 0.252862748324 1.20798932189 0.356450916684 2
0.0 -0.135453621742 -0.0333081759797 -0.0405402017378 -0.000448002190451 0.282513762169 0.407251758099 0.0 0.241675322479 0.926288224713 0.212777932506 2
0.0 -0.0566321729974 0.419924288665 -0.155235309673 0.201589290314 0.300964887023 0.398425260986 0.0 0.253443247986 1.00008412708 -0.0328659988078 2
0.0 -0.370263662221 -0.0529976946176 -0.181039075712 0.281598420055 -0.233145338576 0.485969982369 0.0 0.0526123600494 0.577239005887 -0.278217494727 0
0.0 -0.831208707472 0.609077750847 -0.469178799767 0.110573873164 0.244546371989 1.00163385902 0.0 0.460280574708 1.67197367007 0.403817483525 1
0.0 -0.102347481103 0.313745040876 -0.115905513837 0.157931134324 0.366710918806 0.478540962728 0.25 0.241910691985 1.15112025866 0.288214698356 2
0.0 -0.114358068411 0.564590778521 -0.176366608332 0.484338054341 0.560527097065 0.573320413705 0.0 0.615187918194 1.0528158402 0.201898648193 1
0.0 -0.706924068695 -0.175107206274 -0.305795210997 0.215332291639 -0.211650725462 0.515075941627 0.0 0.281419421274 0.362810225254 -0.140170420778 0
0.0 -0.205493321989 0.36896394643 -0.0706095764171 0.221405230666 0.393025911075 0.431018809219 0.125 0.428111456424 1.21967420373 0.0712339498741 2
0.0 -0.272449679685 0.14723200891 -0.0372458608972 0.0085210569628 0.310440734256 0.340472362143 0.25 0.343428977127 1.12497897492 0.460315324073 2
0.0 -0.737929206281 -0.35733261796 -0.209610981536 0.362620215432 -0.342723975937 0.704915175537 0.0 0.0216749169163 0.735983010782 -0.208791721837 0
0.0 -0.595883397875 -0.147971302989 -0.442188934911 0.166923738967 -0.110661803534 0.616223095225 0.0 0.382260599778 0.597043006432 -0.181170338276 0
0.0 0.0865609893743 0.773890639683 -0.0781190550276 0.048160629804 0.322104588441 0.621946896453 0.0 0.896906187148 1.1600579299 0.313295246694 1
0.0 -0.207225033414 0.164097307304 -0.0220420393797 0.00727118946693 0.32772053442 0.385389590476 0.0 0.442479102444 1.12025277732 0.279385468811 2
0.0 -0.141010618874 0.868228008168 -0.159760757485 -0.221159401276 0.312098553562 0.719811062309 0.0 0.869878460262 1.21658095554 0.341952999026 1
0.0 -0.205908389629 0.680224418921 -0.0924892031584 0.508655109913 0.440660185795 0.620017047044 0.0 0.858414526697 1.18319281419 0.350518092854 1
0.0 -0.359273913548 0.663892248695 -0.231482787671 0.448160745597 0.52543973027 0.673731113846 0.0 0.74330807334 0.967786448907 0.109011568515 1
0.0 -0.144855988971 0.756084314015 -0.302582544849 0.815812657926 0.35569008602 0.631750986335 0.0 0.787082611986 1.07291285144 0.212355697696 1
0.0 -0.638076298005 -0.0946652813496 -0.225300315757 0.153910198127 -0.0910318202082 0.561799700014 0.0 -0.1726000618 0.510140760452 -0.202333684025 0
0.0 -0.252552868836 0.545778046188 -0.0476453335853 0.115085337307 0.645997628604 0.498922711688 0.0 0.558321452464 0.694373718232 0.0201573645174 1
0.0 0.0754402886459 0.290775107315 -0.174528703757 0.0666264308931 0.344793535471 0.29621976795 0.0 0.202937929232 0.925838551679 0.108294316284 2
0.0 -0.424216671135 0.155800825895 -0.00393110663755 -0.0957664816413 0.279503614444 0.347859649574 0.25 0.561540378511 1.21832292313 0.648334525483 2
0.0 -0.0833325859069 0.630531950285 -0.0304893807792 0.249951093952 0.313398211771 0.38961118882 0.25 0.275634563325 1.33800117866 0.240674622477 2
0.0 -0.611007885954 -0.137366971433 -0.45583859813 0.117681584821 -0.106783217699 0.47201422607 0.0 -0.0152342698709 0.541804212277 -0.206865603047 0
0.0 -0.762000457287 -0.184844869309 -0.318436951705 0.323590130525 -0.0378314894618 0.758731035295 0.0 0.223946935376 0.56952460054 -0.215049461578 0
0.0 -0.697906813021 0.608228171311 -0.920101206308 0.576448334273 -0.310813484401 0.846663310607 0.0 0.543554925174 1.23766758111 -0.0133403601692 1
0.0 -0.4315716688 0.674205226716 -0.314586782029 0.189255637339 0.287032805728 0.333884547581 0.0 0.559527761127 0.861113804109 -0.188586676033 2
0.0 -0.712213866215 -0.21677417584 -0.374910854411 0.304025118817 -0.294418933377 0.72362412166 0.0 0.192256185593 0.573427652845 -0.264403153484 0
0.0 -0.734317319465 0.714173935803 -0.50184806367 0.672369573683 0.0864448166735 0.993396127636 0.0 0.509778846723 1.10205240181 -0.130642640775 1
0.0 -0.796633223866 0.61861216978 -0.815891424698 0.223033526358 0.234166628701 0.496068388728 0.0 0.427132987458 0.75507363552 -0.348481500597 2
0.0 -0.812157520701 -0.295914446947 -0.511499044205 0.245273569127 -0.153258965152 0.607058472314 0.0 0.218075020607 0.45140642272 -0.219016908902 0
0.0 -0.62441781429 0.782106765082 -0.604414145854 0.698841223268 0.0790623630305 1.15085603118 0.0 0.475014745472 1.21200171687 -0.0722058535242 1
0.0 -0.357990272948 0.644592214214 -0.509731311382 0.155054391082 0.342483514489 0.484331053286 0.0 0.470193712833 0.901649544256 -0.310139758222 2
0.0 -0.467252186466 -0.122544251463 -0.562887300326 0.39318315587 -0.0747750350538 0.670438362793 0.0 0.631609612124 0.496004437841 -0.268304227055 0
0.0 -0.84331415711 -0.116701688783 -0.50638607681 0.295743942745 -0.251523522768 0.759276842318 0.0 0.336150528325 0.444429370108 -0.148336120978 0
0.0 -0.737466547337 0.614860978069 -0.796004498134 0.523253943851 -0.032919598125 0.95841726085 0.0 0.515918469501 1.1739656421 -0.159829347203 1
0.0 -0.749203351679 0.711305794531 -0.446226222098 0.555363017739 0.0564169810985 0.791419681569 0.0 0.587923432855 0.932573043275 -0.0511012548993 1
0.0 -0.743858055283 -0.206429790959 -0.136734769635 0.304668530836 -0.0276829579606 0.583934387134 0.0 -0.00414948165635 0.50632971169 -0.306604619494 0
0.0 -0.487513615662 -0.215675649803 -0.373422219989 0.539526554744 -0.097783803322 0.668318019713 0.0 0.246770988881 0.330577310572 -0.179760680066 0
0.0 -0.837268708283 0.695153241483 -0.726185321117 0.252622827226 0.169876742932 0.659691269944 0.0 0.434100507531 0.914266638625 -0.0456559392395 2
0.0 -0.252897543356 0.698187646204 -0.529162794408 0.187345945496 0.256839472018 0.25445718648 0.0 0.406272866382 0.949036886233 -0.151543082882 2
0.0 -0.379626103141 0.771967521328 -0.667325233853 0.353365896963 0.173649367755 0.278317483799 0.0 0.54540569077 0.989582354208 -0.305296842128 2
0.0 -0.814776283348 -0.137110157895 -0.163178794932 0.222471043243 -0.311272603981 0.623349055251 0.0 -0.0184482455361 0.396689144216 -0.163750121118 0
0.0 -0.729010480826 0.639354373034 -0.277063717042 0.509505700697 0.379530205051 0.486560593447 0.0 0.548506257386 0.660913531028 -0.180799136425 1
0.0 -0.739410460949 0.616348078752 -0.686056869837 0.161704029051 0.0478069438898 0.408675200244 0.0 0.428199512195 0.860608360842 -0.296846401405 2
0.0 -0.616899665196 0.811015748201 -0.602762490234 0.471298791618 0.0991896902503 0.961898059142 0.0 0.570947765456 1.25814556164 0.0433566884398 1
0.0 -0.274045777804 -0.186749844006 -0.530241973875 0.375309790085 -0.335348757297 0.65305165405 0.0 0.295137335674 0.532726280452 -0.29260608657 0
0.0 -0.65852740865 0.839472839409 -0.612805694085 0.169135460523 0.40487074215 0.305591416814 0.0 0.531613166469 0.87514611702 -0.0418830592085 2
0.0 -0.248012726746 0.545808998023 -0.469198825797 0.127203476341 0.477461418591 0.458548193117 0.0 0.298442882471 0.90806978847 -0.201179704589 2
0.0 -0.740061449889 -0.225298631736 -0.193677617989 0.359701958433 -0.259256019026 0.612058773589 0.0 0.145659066336 0.552215900012 -0.203622789691 0
0.0 -0.653971485796 -0.154823214833 -0.312252277 0.444455638086 -0.0398652128578 0.674492549136 0.0 0.0548993869288 0.377437213585 -0.334965332794 0
0.0 -0.64251189761 0.746331949534 -0.362942821363 0.470764578008 0.156366566405 0.823265979148 0.0 0.61968166201 1.01843294407 -0.0153300772765 1
0.0 -0.518634242988 0.349771011438 -0.344498654544 0.233266171897 0.400991034515 0.654952118818 0.125 0.302056674123 0.745103053403 -0.196586843781 2
0.0 -0.792986032466 0.701322333713 -0.127176343031 0.339744298357 0.485623957783 0.800938198467 0.0 0.587117765548 0.916945342689 0.0751565143458 1
0.0 -0.551915511367 0.776588770306 -0.552316768496 0.128017815692 0.124805544663 0.704617226327 0.0 0.621347745663 1.18546661001 -0.0362345702246 1
0.0 -0.524462079367 0.804313443373 -0.484376501035 0.689115945602 0.240492684902 1.09410717346 0.0 0.524551240609 1.38197669016 0.0813655693624 1
0.0 -0.664944998278 0.721285364474 -0.532367422881 0.552357159725 0.152798664418 1.05894943483 0.0 0.579746882191 1.15271823491 -0.0685979572439 1
0.0 -1.00173724574 -0.267219000449 -0.433767312682 0.238400788457 -0.0434612039082 0.860538934222 0.0 0.348746198904 0.489326364696 -0.187717218082 0
0.0 -0.75116944588 0.778407167857 -0.654172964097 0.705221944306 0.19064372986 0.980774723906 0.0 0.569339055342 1.18017156337 0.0322569266398 1
0.0 -0.164535225718 0.393717044966 -0.240698815673 0.157778257147 0.412506612565 0.543847161613 0.125 0.438866613721 0.827957980976 -0.148843573289 2
0.0 -0.511103766944 0.702532514729 -0.42065724361 0.157501768497 0.252344490606 0.340968863548 0.0 0.484680628758 0.844321429961 -0.111402811167 2
1.0 -0.386148267342 0.822886131884 -0.10274682403 0.327079556652 0.0460487951573 1.01997306713 0.5 0.676783717124 1.13340473445 -0.276839541602 2
0.0 -0.594677602486 -0.177749501146 -0.186533701756 0.21846421603 -0.348514811941 0.613715768388 0.0 -0.000235195550022 0.451876897777 -0.252304338411 0
0.0 -0.798550764158 -0.278882189432 -0.525700877844 0.318609266988 -0.176606578659 0.612139622823 0.0 0.178778449378 0.566936001373 -0.271428632331 0
0.0 -0.756104089035 0.39665682756 -0.130331566021 0.679335494513 0.538887481052 0.872144536135 0.0 0.399447918151 1.05209634097 0.251925030583 1
0.0 -0.393194322536 0.687035604385 -0.464487819146 0.536733479259 0.0664027308091 0.231994853226 0.0 0.532904858359 0.663015142808 -0.450385319772 2
0.0 -0.409435722546 -0.13765371495 -0.0922575033744 0.357536275874 -0.354583167137 0.440370609111 0.0 -0.18755243465 0.370632517459 -0.243503158689 0
0.0 -0.663755882791 0.582538739594 -0.127935767611 0.589415679534 0.436570697173 0.409566871234 0.0 0.488538262346 0.702452523491 -0.0270677973654 1
0.0 -0.378429424153 0.716226758935 -0.272765162771 0.316429458986 0.53849101904 0.522865418637 0.0 0.503180157585 0.950696600405 -0.281189279978 2
0.0 -0.224123697279 -0.150219301072 -0.377399348791 0.330778417556 -0.219262735101 0.654828712384 0.0 0.292639319938 0.525568203255 -0.125666109888 0
0.0 -0.767010126413 0.63368687649 -0.12210001945 0.536680960082 0.587806481041 0.662200299637 0.0 0.520747102144 0.956939104899 0.0225107848764 1
0.0 -0.333870579481 0.90444676488 -0.504023271727 0.573053438723 0.282090938263 0.35425325119 0.0 0.482373802341 0.888332334248 -0.395308298648 2
0.0 -0.550896666892 -0.181776698195 -0.315510780976 0.351471324106 -0.0306450278378 0.525941975719 0.0 0.250535082512 0.339297179299 -0.263901624341 0
0.0 -0.537609300973 0.095396852121 -0.0436348481613 0.255544262575 -0.182704048445 0.384334522283 0.0 -0.193808700717 0.352399592092 -0.136972308383 0
0.0 -0.745660636317 0.57243207155 -0.20557515685 0.478462762911 0.605914397733 0.583738882163 0.0 0.586823292799 0.729037677927 -0.10679231384 1
0.0 -0.766295352428 0.315499186538 -0.111852978814 0.551105157687 0.661875091984 0.734154542281 0.0 0.392811816472 0.886450748213 0.224000921878 1
0.0 -0.621927808604 -0.182138333828 -0.286457041979 0.295832230733 -0.124275920898 0.377929147663 0.0 -0.13207483128 0.43451046254 -0.190204504223 0
0.0 -0.67662070816 0.00709660321562 -0.0691331140762 0.5460310609 -0.412535531646 0.620013697064 0.0 -0.118494078736 0.475743963459 -0.0838903911445 0
0.0 0.192656064691 0.578142349991 -0.229218881459 0.419811728696 0.282685389085 0.222958232409 0.0 0.40252485759 0.771090893132 -0.314680711471 2
0.0 0.118753846402 0.450864702874 -0.364082594417 0.211902303397 0.416627996516 0.314699184474 0.0 0.370966007617 0.625831864823 -0.119280705151 2
0.0 -0.132016074478 0.532795176065 -0.223684436109 0.225409292662 0.00599135204425 0.0844728776708 0.0 0.11691277071 0.598946144082 -0.275745855923 2
0.0 -0.509324742244 -0.254782004414 -0.249935385895 0.407020237638 -0.332418143461 0.381833699301 0.0 0.15335121909 0.683355677965 -0.268392829756 0
0.0 -0.661381364973 0.528058759486 -0.180556347728 0.458664083963 0.691029196735 0.537713341369 0.0 0.61623599826 0.62149273792 -0.0889744837253 1
0.0 -0.0301400722638 0.462386509428 -0.417371670429 0.165328697345 0.36044961695 0.341006229169 0.0 0.383080990604 0.722573741116 -0.236191691225 2
0.0 -0.879474539183 0.592185965643 0.158068808389 0.442583573516 0.741369754629 0.496677652205 0.0 0.349684426005 0.659696861816 0.0751364101276 1
0.0 -0.605943258186 -0.186149759627 -0.626604038732 0.383089923515 0.214600009285 0.683846466294 0.0 0.15474930231 0.514446072261 -0.13493114592 0
0.0 -0.517646524552 0.71971839135 -0.517921321355 0.495482086372 0.0530582280954 0.32208624328 0.0 0.577037836518 0.998981426303 -0.455912048853 2
0.0 0.0896821597472 0.16595624355 -0.186573915359 0.222796416005 0.313568460263 0.383429671839 0.0 -0.146146692434 0.702473340138 -0.0950111738268 2
0.0 -0.591348315235 -0.0450462822918 -0.363195865861 0.308511819916 -0.346363780139 0.447612368914 0.0 0.00520597099664 0.328515749806 0.0337148527671 0
0.0 -0.378889687976 -0.134258482463 -0.370926286246 0.534374256527 0.0579862150121 0.420630976079 0.0 0.0299612389806 0.333284608108 -0.191764473422 0
0.0 -0.701369008671 0.529889125719 -0.0549432346727 0.602014495784 0.593055067869 0.573836809567 0.0 0.526327095942 0.777670997371 0.136667070066 1
0.0 0.130256400819 0.210531409754 -0.144969476336 0.461412876544 0.526291721204 0.598778965922 0.0 0.0930767282399 0.705780526686 -0.045685548905 2
0.0 -0.873123963517 0.482326840068 -0.307171649469 0.474085642373 0.727265244095 0.611872940614 0.0 0.490244172685 1.02584547776 0.129817268992 1
0.0 -0.486747860976 0.250860860464 -0.0702080109974 0.541660123524 0.62644743348 0.552004307994 0.0 0.569458816966 0.699211225869 0.0188507680538 1
0.0 -0.754500515878 0.52942556046 -0.0973619854037 0.668876018324 0.52480740148 0.793170965417 0.0 0.404235629995 1.06937404614 0.297895921535 1
0.0 -0.675676633289 0.685142609274 -0.369126993099 0.479521387715 0.535643040984 0.885323461481 0.0 0.58229366423 1.25627222343 0.0785901368938 1
0.0 -0.33853130898 0.00587494193096 -0.270015473945 0.436699276116 -0.180407198842 0.447975004614 0.0 0.0313519001356 0.436186883933 -0.160816194145 0
0.0 -0.831763965434 0.23337407084 -0.23493018594 0.668344475694 0.39509391242 0.805535069886 0.0 0.127825349674 1.14208188565 0.412670293498 1
0.0 -0.0554390182276 0.711285467467 -0.354975554184 0.369698361919 0.423704315684 0.407561645835 0.0 0.448716396947 0.96004981942 -0.25963301345 2
0.0 -0.218123518631 0.626687147445 -0.183120827825 0.301067766783 0.247510586486 0.278621221186 0.125 0.187389006221 1.10086363147 -0.130558447523 2
0.0 -0.105187026287 0.48200912768 -0.480093644151 0.0516266607936 0.276742156772 0.228844475357 0.0 0.481816190848 0.73936861349 -0.361613180525 2
0.0 -0.577695965551 -0.185667578494 -0.393575285634 0.312678470311 -0.344589644196 0.535300616388 0.0 -0.0963959768788 0.578408062828 -0.287571964905 0
0.0 -0.853269765902 -0.209254204427 -0.347084551986 0.387086300037 -0.399901884362 0.854429859371 0.0 0.339644916066 0.609600419926 -0.216817882922 0
0.0 0.0667394428254 0.834763441942 -0.175926937304 0.316368190315 0.606895453967 0.67864694457 0.0 0.850811121572 1.27889380167 0.0517109619793 1
0.0 -0.571932933044 0.0778998096451 0.0475064601551 0.116662476466 0.147288656535 0.894022216981 0.0 0.44922803232 1.05868919289 0.573682539559 2
0.0 -0.438669280866 0.0428984094484 -0.248659627775 0.0996897648475 -0.203739058392 0.522429129086 0.0 0.593302114777 0.550411198656 -0.413112915497 0
0.0 -0.407094872906 0.63863052874 -0.355463516744 0.158938809559 0.648725189747 0.734748451616 0.0 0.763520007369 0.952662209311 0.0226217658084 1
0.0 -0.464435860609 -0.102650377319 -0.127647637426 0.269740184696 0.276557776418 0.990019483786 0.0 0.340470498389 0.913233403294 0.137895036989 2
0.0 -0.793112987753 -0.193612655541 -0.331121850006 0.606430625905 -0.302269255078 1.00700853413 0.0 0.418431519178 0.658483891262 -0.146115871273 0
0.0 -0.396145602335 0.387118591476 -0.0803061290803 0.252677839749 0.612416396199 0.646469331683 0.0 0.806443730339 0.786868412072 0.0976934136416 1
0.0 -0.430344315081 0.190681759295 -0.121513771747 0.198260080549 0.185820183215 0.453963298139 0.0 0.109266130329 0.791450175638 0.110481184275 2
0.0 -0.599836651341 -0.314984015413 -0.295187576707 0.31452647326 -0.142792828206 0.484180435894 0.0 0.428089718029 0.485437811524 -0.215161934994 0
0.0 -0.651316970892 -0.265037393413 -0.299866370148 0.427931227443 -0.223712053758 0.759243198543 0.0 0.336634424126 0.503672544161 -0.296267314528 0
0.0 -0.0456789995814 0.570128212419 -0.358337382796 0.650877972935 0.606665521751 0.828028086508 0.0 0.795462517726 1.62229516344 0.327030992117 1
0.0 -0.339066604551 0.494216777718 -0.305710881339 0.477772901657 0.607696723055 0.581345813064 0.0 0.748074171504 1.56882736354 0.0593296099461 1
0.0 -0.819327477 -0.144597148489 -0.206845461794 0.467591616961 -0.233552990823 0.718721993133 0.0 0.351114284173 0.375455928179 -0.118588722423 0
0.0 -0.383336380158 -0.237441553205 -0.0575242329339 0.439056988458 -0.189950693188 0.5419984969 0.0 0.58068384793 0.505400210648 -0.116833368088 0
0.0 -0.385303651664 0.69595504805 -0.0912818361015 0.418032419864 0.130354904817 0.431185062291 0.0 0.161053459516 0.998988829558 -0.213340375689 2
0.0 -0.435628105618 0.296639853649 -0.146863556702 0.258847114159 0.212891896204 0.805805456326 0.0 0.429521241394 0.953574886238 -0.0606656026467 2
0.0 -0.148953273923 0.623370110775 -0.141437782239 0.324444433505 0.399829001211 0.611042279251 0.0 0.287997638193 1.13144879584 -0.150182602697 2
0.0 -0.554953419289 0.386687263544 -0.509015530329 0.599434808431 -0.398342388182 1.00532774085 0.0 0.38757750822 0.31774182816 -0.225416663138 0
0.0 -0.152121621648 0.850898379211 -0.342154292533 0.588156111816 0.312018656828 0.896343345153 0.0 0.728352676111 1.21090550944 0.234910108611 1
0.0 -0.264641633721 0.642704018399 -0.0929962177003 0.527848873373 0.238196723345 0.293507256608 0.0 0.0696087729831 0.883197734419 -0.395077320291 2
0.0 -0.0168844264772 0.453596940346 -0.0550025719961 0.0911936255642 0.61415339452 0.616684973696 0.0 0.585183756804 0.91152796417 0.0828781723393 1
0.0 -0.706378065144 -0.013061028679 -0.255962302818 0.432312507399 -0.352382347125 0.82956927808 0.0 0.386942261177 0.404576001323 -0.282356670873 0
0.0 -0.384146282876 0.553405299236 -0.197579433956 0.233945597612 0.162857538907 0.726704728571 0.0 0.435465222612 1.07062005778 -0.0418974469991 2
0.0 -0.426407252175 0.0889352484412 -0.0790750419416 0.32880114841 0.332298528831 0.820578488462 0.0 0.312984628726 0.993099847033 0.0962644560112 2
0.0 -0.394640032542 -0.128313023812 -0.438631073436 0.395676772403 -0.295239255696 0.770504249072 0.0 0.483376776636 0.706383627165 -0.280053642613 0
0.0 -0.638412695927 -0.214621476626 -0.299820483042 0.226386027509 -0.231599129795 0.602106513181 0.0 0.336766702927 0.405226178818 -0.24995484426 0
0.0 -0.1034619263 0.820437391025 -0.221010944181 0.740310543829 0.249439625822 0.766995244078 0.0 0.830245840114 1.26884549315 0.259182009391 1
0.0 -0.729995979962 -0.177598392777 -0.0168195349295 -0.0829742893071 0.284623578289 0.363828701063 0.0 0.236498538219 1.14421755344 0.518967546366 2
0.0 0.0804158234264 0.39643819434 -0.300179064173 0.0830162704927 0.693748056178 0.542577352659 0.0 0.232883821408 0.952851969362 0.236550107246 1
0.0 -0.375025877566 0.648732197533 0.037866054888 -0.0439800531864 0.674460753106 0.685259541801 0.0 0.727621154837 1.24936616261 0.0354970209321 1
0.0 -0.0681663446212 0.761134980199 -0.367204371847 0.115396472026 0.637204764382 0.756229793063 0.0 0.883442880204 0.956859858478 0.0859284058955 1
0.0 -0.0332563696506 0.294678263971 -0.259499115544 0.0836241851725 0.57919303502 0.695395172976 0.0 0.456351088638 1.21317430297 0.112884920994 1
0.0 -0.678147381169 -0.150559943676 -0.379689221215 0.469823411203 -0.265179971788 0.663298634036 0.0 0.174432926972 0.212303044858 -0.11650962749 0
0.0 -0.0480431958576 0.481503530993 -0.0765859694085 0.396857791597 0.635775113321 0.531472468327 0.0 0.498063953488 1.311413384 0.142502036962 1
0.0 -0.44193993175 0.200564092326 -0.0593169083945 0.00653662008708 0.270190140677 0.65169696033 0.0 0.397631272625 1.14116634729 0.195735078785 2
0.0 -0.428888101188 0.282849718201 -0.0408854317822 0.139216518186 0.362482309978 0.660036614133 0.0 0.46805518535 1.19835896629 0.150696178071 2
0.0 -0.520224422482 0.191003687459 -0.0272821972894 0.0351049998847 0.205687702359 0.595510700092 0.0 0.265892372605 1.02828599787 0.314290460022 2
0.0 -0.542344836367 -0.0669611528236 -0.268055267553 0.33514250713 -0.321230999862 0.643527117445 0.0 0.264339406173 0.28180550398 -0.186404995934 0
0.0 -0.512533821775 -0.0666457633084 -0.0394061070172 0.324974959991 -0.321387126517 0.411491034288 0.0 -0.268867345283 0.486355718655 -0.0963103274765 0
0.0 -0.0870028545933 0.623004038222 -0.109800636664 0.657250209836 0.454704448388 0.572711722752 0.0 0.576433665949 1.01418294061 0.28010882603 1
0.0 -0.0743090678902 0.21012072525 0.0646462408399 0.141899661663 0.184445538798 0.42945874768 0.125 0.21161535182 0.87414565089 0.519160362441 2
0.0 -0.579998494619 -0.100236019061 -0.149586051681 0.307794547829 -0.444154910597 0.583210755125 0.0 -0.0985499936353 0.698008037264 -0.242550695895 0
0.0 -0.210644792248 0.805840217558 -0.403899530622 0.451089497596 0.264855583645 0.55964259533 0.0 0.78873101805 0.970060590981 0.143801090646 1
0.0 -0.144948725482 0.54860596914 -0.0577462750875 0.194213699717 0.226592694695 0.425723463258 0.375 0.246125510248 1.21658041972 0.398603809963 2
0.0 -0.509926669043 -0.321385784403 0.022347451345 0.204790262053 -0.322090987622 0.387601446781 0.0 0.122604993065 0.635630142376 -0.237953451594 0
0.0 -0.0821287544403 0.741872158015 -0.108328882437 0.654608959398 0.349811000711 0.80584553652 0.0 0.778307053841 1.13923691254 0.342688422756 1
0.0 -0.442654885585 0.184642046034 -0.0801014434441 0.0270118193192 0.341829170815 0.46706334353 0.5 0.312834853901 1.08224068543 0.626907938029 2
0.0 -0.647828817436 -0.0993552275049 -0.106761798787 0.410461026029 -0.205825463231 0.450233462559 0.0 -0.0821635615146 0.407916223372 -0.158805751063 0
0.0 -0.686153026076 -0.178728687858 -0.10203881423 0.213434638358 -0.250197034178 0.57282428369 0.0 0.0841577910924 0.480700902486 -0.290602590592 0
0.0 -0.603881415667 0.6522292853 -0.403361880701 0.197988883179 0.580555172067 0.957273508983 0.0 0.65822717604 1.2718134646 -0.220547628204 1
0.0 -0.161542675316 0.702668553314 -0.416469823779 0.208200430287 0.541245588721 0.578096810687 0.0 0.74159360865 1.12876193701 0.062513778803 1
0.0 -0.81296047263 -0.323226775676 -0.431873737418 0.140873721719 -0.190149208091 0.8263927597 0.0 0.149658103553 0.871068108966 -0.080953205664 0
0.0 -0.594976863929 -0.366736773116 -0.281866821278 0.33033459525 -0.304191493264 0.642849922434 0.0 0.242756646214 0.890974481549 -0.120977149899 0
0.0 -0.294471536448 0.340319092542 -0.310713803373 0.106952846232 0.316620645397 0.389052084812 0.0 0.226592477661 0.868624095447 0.0797033145596 2
0.0 -0.757246418921 0.0659585722437 -0.0268812351649 0.144791953541 0.315532129778 0.509457548404 0.5 0.51521493914 0.783267579137 0.330467631441 2
0.0 -0.442937861754 0.0978243283021 0.0619890339536 0.0461776260265 0.363476734907 0.466518468495 0.375 0.242252981471 1.17470167644 0.64237748801 2
0.0 -0.723187962767 -0.237186955395 -0.522399753171 0.290427748504 -0.307974826206 0.858986840351 0.0 0.433298779435 0.559393553889 -0.159585296053 0
0.0 -0.369404508138 0.591436928283 -0.274580701025 0.454285848119 0.548687935769 0.643252281009 0.0 0.619007392334 0.733323451336 -0.380117041802 1
0.0 -0.539382042608 0.510433723305 -0.199260456466 0.368948052557 0.320531289465 0.694510666336 0.25 0.492728940496 0.994163504852 0.0156689818515 2
0.0 -0.271749005007 0.680366022135 -0.516316394289 0.662502212741 0.418844918353 0.948198917301 0.0 0.697377005054 1.38685327097 0.152475071568 1
0.0 -0.666556761089 -0.25391894189 -0.355495564492 0.467173588032 -0.179346017688 0.671363806928 0.0 0.0129038096952 0.60142239083 -0.228185849673 0
0.0 -0.461232376679 0.147590254812 -0.022788377007 0.00653506654781 0.417385764091 0.534504248213 0.75 0.352598734852 1.16878250299 0.813664833582 2
0.0 -0.36117528743 0.26136858055 -0.017592490949 0.209887694423 0.393160418096 0.509447642007 0.375 0.400932926908 0.831762284613 0.611478091536 2
0.0 -0.479821707894 0.0307559805323 -0.590282741987 0.610553133759 -0.133506738793 0.759732679987 0.0 0.562042896367 0.776481420548 -0.209746580304 0
0.0 -0.624262945468 -0.115178771664 -0.238043177257 0.199408040254 -0.224194271811 0.573164586077 0.0 -0.0118044509474 0.490591255184 -0.306438443503 0
0.0 -0.394815175196 0.414259260203 -0.354567674306 0.00111290729851 0.609795636204 0.567760150651 0.0 0.803662336799 0.920678950727 0.11979917015 1
0.0 -0.0908247707421 0.608691446797 -0.279706165995 0.441270012255 0.294329751241 0.351404029615 0.0 0.469770488889 1.33749348647 0.0232642375939 2
0.0 -0.203917972159 0.374399237068 -0.09852862655 0.448724808499 0.58674068415 0.565920555854 0.0 0.473271223764 1.24536338016 0.361116331509 1
0.0 0.0172345273674 0.64943857255 0.0738852532564 0.375304511054 0.468528654885 0.655623553384 0.0 0.606037577169 1.05917476575 0.300121531269 1
0.0 -0.28245560942 0.675137949677 -0.1447026735 0.412748855401 0.599753170075 0.604480817044 0.0 0.770428330891 0.998493974254 0.279135585383 1
0.0 -0.0156705719074 0.735685065569 -0.125655410857 0.535115366942 0.559717332444 0.584368763305 0.0 0.601866002893 1.08051706763 0.340477227913 1
0.0 -0.620049747893 -0.172213387437 -0.411380121265 0.223307454475 -0.342271492499 0.623866168997 0.0 0.156961038462 0.657508984068 -0.242968905435 0
0.0 0.0212918933081 0.634746899126 -0.384564874439 0.708469456566 0.400917692976 0.749205541947 0.0 0.759200509333 1.47615510094 0.206737345138 1
0.0 -0.368949914926 0.281031790805 0.0286155721844 0.0334820634518 0.313205204687 0.529192620462 1.0 0.345493126325 0.985897635204 0.693931581593 2
0.0 0.200394035953 0.402551539362 -0.26322326007 0.593097584572 -0.214785098756 0.0863642257325 0.0 0.261050975375 1.07465089291 -0.114292016057 2
0.0 -0.477924226725 0.213001472609 -0.16462978498 -0.0825673189127 0.302352773412 0.386681530882 0.0 0.183860766099 0.946841697741 0.102964115998 2
0.0 -0.699724048528 -0.282031562615 -0.155967800176 0.469419410698 -0.240715845524 0.603996019774 0.0 -0.0846911174231 0.626154621725 -0.115191057719 0
0.0 -0.440745676108 0.563119403537 -0.130183113908 0.571584559213 0.456765952428 0.592738814842 0.0 0.698850374412 0.607035375853 -0.223585992735 1
0.0 -0.117455139801 0.482733837906 -0.282305901535 -0.0501207781614 0.327679223705 0.425691508732 0.25 0.160131262433 1.0695711844 0.194753532296 2
0.0 -0.235608333907 -0.109210238672 -0.210389056453 0.124382905183 -0.282919119072 0.318780191738 0.0 -0.317727609983 0.397369655537 -0.258776343111 0
0.0 -0.610666380834 0.73121567071 -0.405627471664 0.214620511261 0.414722429215 0.688329467596 0.0 0.637007818356 0.746544231139 -0.265047980464 1
0.0 -0.340179250374 0.404209571718 0.062935450539 0.427770405693 0.243910799224 0.831840472252 0.5 0.0666617582087 0.79068730052 0.431355767345 2
0.0 -0.486180953302 -0.0749279755835 -0.192500150838 0.230808437177 -0.125690132423 0.347992540838 0.0 -0.283843810795 0.411595934467 -0.197556503362 0
0.0 -0.231659781982 0.786179325577 -0.229107712394 0.527890748785 0.648138231795 0.742784879033 0.0 0.756251827347 0.40287193262 -0.199539635392 1
0.0 -0.128578615632 0.769730826408 -0.233642585733 0.195408803284 0.161100513399 0.325852200809 0.125 0.296940428536 1.16783793099 0.0609224346376 2
0.0 -0.718252726147 -0.230388107928 -0.437459254362 0.26010000931 -0.116901030342 0.529886616289 0.0 -0.13056377098 0.37059126731 -0.139686554738 0
0.0 -0.530852529124 -0.00633990459023 -0.172415808643 0.124186252743 -0.272819235448 0.490303615177 0.0 -0.187152935012 0.325388325845 -0.231449759928 0
0.0 -0.894138243845 0.0830003137654 -0.539533368907 0.865552313466 0.291097821222 0.823672416699 0.0 0.311515085512 0.953652006142 0.367447701065 1
0.0 -0.844203117425 0.316203408207 -0.444280492521 0.544954553889 0.34925641889 0.582354579962 0.0 0.0800431170969 0.724003798739 -0.0705470422938 1
0.0 -0.190116960847 1.02771424427 -0.300328352541 0.33531722797 0.125518960623 0.277603236045 0.25 0.56066490374 1.21827195329 0.088910669387 2
0.0 -0.435690590534 0.807116280915 -0.818989988854 0.28390284016 0.0506597562231 0.376217250251 0.0 0.651190819563 0.803477173072 -0.066096780171 2
0.0 -0.832574513297 -0.14852985268 -0.0237363952867 0.224750579698 -0.347495407895 0.565005184105 0.0 -0.0299536747787 0.519874333319 -0.297324710693 0
0.0 -0.7859032914 0.490248717624 -0.241259201455 0.44671652595 0.352677231613 0.515315762224 0.0 0.458530827592 0.691091714484 -0.180787993293 1
0.0 -0.421233495283 0.74612127744 -0.553394855002 0.0519232922304 0.320249096029 0.298328274873 0.0 0.57445570465 0.870994188751 -0.193971029759 2
0.0 -0.833698778861 0.231445286719 -0.32229707185 0.765298385708 0.457030279974 0.679361922279 0.0 0.283903460727 0.973296454704 0.274081225756 1
0.0 -0.440931856115 0.0303662101565 -0.0696362377432 0.29898610141 -0.308872479528 0.477952877666 0.0 -0.189612722708 0.370590965485 -0.236221776121 0
0.0 -0.366029411618 0.720460768312 -0.63232429094 0.225774848091 -0.0297779743252 0.411472692682 0.0 0.502671258968 0.856994219499 -0.177911434805 2
0.0 -0.550714383797 0.849426378282 -0.678016945538 0.203629380862 0.202227669819 0.314584465942 0.0 0.586544338978 0.887799856362 -0.1076826252 2
0.0 -0.477552277793 -0.0861555601431 -0.082123098143 0.310440450147 -0.314602954562 0.501630592725 0.0 -0.155181015013 0.474927600606 -0.150983426338 0
0.0 -0.65060457911 -0.108991517005 -0.160338263906 -0.0355172880344 -0.157794371898 0.49568743447 0.0 -0.166030287762 0.400940689195 -0.306825095239 0
0.0 -0.851618824233 0.59902462966 -0.504397591179 0.505053598527 0.385564543698 0.587146755552 0.0 0.500888078008 0.827190513279 -0.181466052024 1
0.0 -0.209548093115 0.794323545976 -0.20454434103 0.162813692864 0.209548428008 0.438974708686 0.625 0.443889366128 0.953892401762 0.109059757094 2
0.0 -0.500618248242 0.544143303546 -0.30051379615 0.265666432309 0.508663763579 0.632782572253 0.0 0.680242172042 0.601001469079 -0.272737060822 1
0.0 -0.792380243024 0.634290171415 -0.362595939805 0.610745567085 0.40886880795 0.615155248174 0.0 0.543396878688 0.832703900589 -0.0849632585575 1
0.0 -0.826345700883 0.507614337487 -0.336049183431 0.760888778823 0.399184809936 0.552898034464 0.0 0.371954785714 0.919240694854 0.149019109571 1
0.0 -0.818749856916 0.328848101485 -0.328040641712 0.77850412975 0.359359111778 0.56466498114 0.0 0.272735568745 0.811187317186 0.152250423311 1
0.0 -0.531140388049 -0.12576025808 -0.176811788965 0.142515200686 -0.225662097066 0.532042944945 0.0 0.0272813790118 0.480411910496 -0.19008883067 0
0.0 -0.782246385601 0.557758231902 -0.407942071573 0.37341737931 0.442752639745 0.555600523361 0.0 0.535139065341 0.731066614885 -0.281121548123 1
0.0 -0.21107455687 0.592540976723 -0.451843945939 -0.120619143226 0.177332327088 0.160042569403 0.0 0.17097906978 0.698460491381 -0.252989896195 2
0.0 -0.537032937745 0.674061687423 -0.758629729061 0.30667155095 0.206103082523 0.359376957599 0.0 0.605951697758 0.802909982719 -0.0467831845171 2
0.0 -0.412586785939 0.911713284231 -0.271326547823 0.172456818792 0.246235108778 0.46754803462 0.375 0.518025885234 1.25889671365 0.0128292690475 2
0.0 -0.397775871001 0.0321911282798 0.0757421011794 0.244218726767 -0.342222849942 0.392954966733 0.0 -0.237189177861 0.321119348296 -0.060345790164 0
0.0 -0.662439432803 -0.230051087041 -0.0522798792097 0.16741502081 -0.28912513735 0.625738792129 0.0 0.251148037097 0.364176927422 -0.272900826116 0
0.0 -0.458597309017 0.610822329194 -0.639537607938 0.490795984221 0.484236826974 1.05995214747 0.0 0.61245271117 1.39920801493 0.0693707853613 1
0.0 -0.127600430742 0.373647369077 -0.305800570678 0.143310252813 0.444437747028 0.59069306498 0.0 0.326557495421 1.04104885014 0.0375800497022 2
0.0 -0.585116830466 -0.181661577055 -0.317547077076 0.392123519006 -0.0946425025347 0.542956014543 0.0 0.09974682498 0.247223337879 -0.11043751374 0
0.0 -0.405999250803 0.644861916501 -0.556837419125 0.440378284861 0.440321811031 0.896181072866 0.0 0.734546492463 1.13893014387 0.122932871948 1
0.0 -0.342615216559 0.55367214104 -0.258227976273 0.242249839082 0.2317102918 0.402029188918 0.0 0.565632464207 0.93868717413 -0.175450247755 2
0.0 -0.527726806555 -0.199072775395 -0.301950831749 0.144652981963 -0.0836518864288 0.433876785099 0.0 0.0642021335717 0.196702814117 -0.182503367495 0
0.0 -0.113916672633 0.654602773708 -0.181225027743 0.501412827103 0.497887179045 0.749159270969 0.0 0.866948607213 1.0284275939 0.220699908743 1
0.0 -0.609182857081 0.730459157336 -0.602635387196 0.284864730947 0.028478276775 0.346476818061 0.0 0.517802151533 0.8365992545 -0.37966194122 2
0.0 -0.590244440021 -0.145628503377 -0.308809026816 0.206664365109 0.00737177960066 0.323292605465 0.0 -0.168801063271 0.317551481209 -0.041800545855 0
0.0 -0.643270423839 -0.165571441541 -0.374942685254 0.506529906814 -0.0562923099589 0.59502708182 0.0 -0.120207434028 0.274747788166 -0.123246452833 0
0.0 -0.406949801168 0.630046103646 -0.411629709215 0.350822056215 0.607397901538 0.720753685968 0.0 0.89226701627 1.40799582144 0.126378945729 1
0.0 -0.156057764631 0.650083514536 -0.280162672835 0.522349502264 0.545647663601 0.658154083145 0.0 0.788024272772 1.03307668137 0.0898406241798 1
0.0 -0.421089722333 -0.027459970837 0.163608196455 0.805680975919 -0.00795993319493 0.395458689344 0.0 -0.158708198467 0.179602773362 0.0831541197974 0
0.0 -0.130155290597 0.104282055067 0.308269184076 0.616148611421 -0.318780137544 0.262992851971 0.0 -0.065937582584 0.326072124949 0.116560810424 0
0.0 -0.517020964819 0.86136342064 -0.439616655357 0.47112615858 0.0558883642479 0.190359886358 0.0 0.561898781693 0.873308798127 -0.386537268519 2
0.0 -0.710472358615 -0.240197970096 -0.209276865177 0.491780336598 -0.399057529198 0.790249639463 0.0 0.250067395138 0.751405279037 -0.228121738755 0
0.0 -0.172366618284 0.361328265235 0.153024707939 0.139475591937 0.603200750895 0.616801658424 0.0 0.424988711044 0.793897142308 0.0988061379831 1
0.0 -0.55319753759 0.672633581725 -0.528568475212 0.245056449447 0.094276561592 0.17071474945 0.0 0.518724546364 0.730316041669 -0.295102610124 2
0.0 -0.220727298424 0.675496530745 -0.171805548967 0.570068927785 0.4839259773 0.691177495979 0.0 0.727782834993 0.945555833281 0.26780790096 1
0.0 -0.684313101543 -0.147007059275 -0.368005091464 0.276941710756 -0.214783918935 0.491916983965 0.0 0.0271726179548 0.384038115681 -0.096336375327 0
0.0 -0.757284123868 0.652931633289 -0.604949411387 0.287428847497 0.0709938682902 0.44759364136 0.0 0.413315043908 0.800361605165 -0.207910192929 2
0.0 -0.355879613639 0.811180759744 -0.405503346112 0.538995727211 -0.105699509343 0.333071991071 0.0 0.549455612988 0.978278114055 -0.30579276715 2
0.0 -0.823577476649 -0.206055141326 0.0192262570863 0.434207330819 -0.44866077972 0.776366776153 0.0 0.142835037526 0.615660850137 -0.225210903329 0
0.0 -0.594487285143 -0.0932588226336 -0.0841247236519 0.290767166658 -0.274044193787 0.694003490473 0.0 -0.180482551841 0.424449255263 -0.317024834852 0
0.0 -0.190357736283 0.467313771631 -0.178654560443 0.297909118965 0.525600619721 0.596177249424 0.0 0.785479175326 0.860206289257 0.0966164536757 1
0.0 -0.545032867933 0.762158630887 -0.380704260878 0.0832230288355 0.191272148996 0.273724786156 0.125 0.408983218374 0.970759479248 -0.11983282071 2
0.0 -0.316850756245 0.696120041108 -0.154037283205 0.675182125828 0.432240589665 0.800885519956 0.0 0.75983274649 1.10494284963 0.290332396094 1
0.0 -0.11628727412 0.667497841371 -0.513218646965 0.487809795658 0.429315056712 0.76469535906 0.0 0.765939915219 1.56961331449 0.210716690942 1
0.0 -0.0580557904619 0.749225673388 -0.119574226843 0.522414647538 0.399539937785 0.709085792748 0.0 0.774471864487 1.17392096219 0.196201497157 1
0.0 -0.0401636219229 0.168748867 -0.0963405696049 0.372438225145 0.562238217269 0.556870555737 0.0 0.430394291754 0.776977133496 0.330233973723 1
0.0 -0.674829218715 -0.167536863284 -0.15046031406 0.322290402878 -0.0983510198796 0.543730667571 0.0 0.120195122226 0.379257870713 -0.143463461562 0
0.0 -0.177841649418 0.579134561487 -0.195708412811 0.409697819494 0.564107350924 0.572940400939 0.0 0.735989806057 0.978035708291 0.167704567165 1
0.0 -0.338090070584 0.771259240373 -0.36942212361 0.0729357182549 0.188031441966 0.291326491209 0.25 0.376727309786 0.998002255328 -0.105318777655 2
0.0 -0.478057525556 0.645409926619 -0.255759148063 0.230040485595 0.265721906157 0.342267164998 0.0 0.659363125403 0.915007095847 -0.0768696044329 2
0.0 -0.475364611563 0.667064253874 -0.565144747844 0.50651032962 0.0476638867131 0.31856618493 0.0 0.681908141088 0.696788463957 -0.212042211879 2
0.0 -0.556389811026 -0.13308603784 0.0228078163614 0.42683391569 -0.135586594232 0.606665081197 0.0 -0.0119596569274 0.339569560929 -0.275564224557 0
0.0 -0.573114409124 -0.0955879088947 -0.242522942666 0.338099255635 -0.223239962216 0.503679919061 0.0 -0.0166410797629 0.189715365249 -0.1727742937 0
0.0 -0.162354477015 1.02226049075 -0.296022332988 0.386561911735 0.288924548309 0.546784192883 0.0 0.831063955997 0.832271832037 -0.0734442598323 1
0.0 -0.107397338427 0.268377545607 -0.0155437584577 0.307346539002 0.300132051022 0.404931476803 0.25 0.263536581482 1.03727453219 0.384729655752 2
0.0 -0.497310604926 -0.131496389306 -0.103502482026 0.301000973354 -0.307622901693 0.731660501192 0.0 0.503683523768 0.374452473365 -0.285034784107 0
0.0 -0.37494163793 1.08956659411 -0.277867297249 0.253606939984 0.22246041039 0.619915297055 0.0 0.749196968856 0.801435366883 -0.0767586121779 1
0.0 -0.121101140235 0.518066500663 -0.353055751838 0.0433573580955 0.298019721132 0.331157958232 0.0 0.0513111181084 0.947029334858 0.0501745689776 2
0.0 -0.636898100254 -0.112916690505 -0.365188047408 0.277516435002 -0.309226233375 0.658209983323 0.0 0.413738745242 0.534998671167 -0.30574189606 0
0.0 0.303597703368 0.392172744231 -0.0969925927546 0.492260906263 0.40600489463 0.697022989348 0.0 0.534637004013 0.776314337896 -0.0366936465478 1
0.0 -0.354412145231 0.691859939425 0.0338335418389 -0.0313991739614 0.147943216808 0.408924934986 0.125 0.265545772302 1.19618309047 0.39448713557 2
0.0 -0.333783528792 -0.00535968501327 -0.315574401352 0.399444492644 -0.024339019979 0.486459982659 0.0 0.574130360899 0.236504322577 -0.181411004167 0
0.0 -0.585542785986 -0.114452660746 -0.287332967187 0.410138693151 -0.314026410646 0.858127073587 0.0 0.535933272387 0.565656456822 -0.284022375913 0
0.0 -0.169219004439 0.70119467765 -0.424131560668 0.603214494817 0.507180027758 0.733268245964 0.0 0.741312909244 1.16158080155 0.314395335436 1
0.0 0.0454039593718 1.03045037082 -0.282680394764 0.451746847324 0.264673348112 0.596010067866 0.0 0.854622094381 0.854247501647 -0.0187221386439 1
0.0 -0.528030580055 0.225043540205 -0.191019235214 0.534011342115 -0.398322945584 0.676807856108 0.0 0.526550761009 0.619984103598 -0.0593405236118 0
0.0 -0.604762283495 0.0804159710332 -0.297427321716 0.444280101501 -0.265240521689 0.783310482104 0.0 0.579095731747 0.593693513172 -0.320874259 0
0.0 -0.0809508917438 0.90745734519 -0.16443966517 0.177868936973 0.142625452325 0.330866992951 0.0 0.308249098788 1.14082030468 -0.0963892824121 2
0.0 -0.421706106032 0.309066010559 -0.168932521726 0.016453776686 0.241041630461 0.628066865304 0.0 0.137089964619 1.02990247462 0.220200595979 2
0.0 -0.246308151706 0.419669118056 -0.0133172507627 -0.0505231592334 0.171298652203 0.397487067272 0.5 0.333752462261 1.11605605377 0.702644850517 2
0.0 -0.543362274727 0.00366900681923 -0.316706945038 0.366264316205 -0.0735615943649 0.474062937553 0.0 0.716185909486 0.131154106063 -0.316727356437 0
0.0 -0.0920188174168 0.57407733956 0.0312195966379 0.703745002753 0.465897673701 0.570390489745 0.0 0.549130079995 0.932181713755 0.314339374264 1
0.0 -0.152461130761 0.597117691812 -0.029806448584 0.267750130558 0.265085744939 0.385721190521 0.125 0.2150939694 1.29679831494 0.067882586876 2
0.0 -0.0844220958848 0.350466737252 -0.230023382894 0.257431057629 0.638359496362 0.546746942043 0.0 0.556150790449 0.848451317602 0.172731076982 1
0.0 -0.435061066798 0.0565209005652 -0.266881940603 0.20549701144 -0.290367385874 0.544636496484 0.0 0.69711367295 0.209684448406 -0.181247709898 0
0.0 0.102203421519 0.756046053839 -0.0829064243475 0.150337069525 0.123299393453 0.262657376034 0.25 0.0557374164981 1.20248808336 0.255545350125 2
0.0 -0.163701377692 0.807961685118 -0.288093633232 0.278362081607 0.182737845714 0.319872964688 0.0 0.056803617052 1.24844918511 0.0123448984768 2
0.0 -0.367836791352 -0.0537551168012 -0.317053893406 0.199436226219 -0.271561054104 0.586956313034 0.0 0.729381244466 0.421247627386 -0.253887487165 0
0.0 -0.48722828796 -0.160968174183 -0.258420275684 0.334787563083 -0.201513555208 0.571053206694 0.0 0.604296097174 0.362793458311 -0.283379831377 0
0.0 -0.152343666144 0.684182600965 -0.155079133287 0.680371339979 0.482080676268 0.588727049124 0.0 0.754762086589 1.04540533877 0.319276451458 1
0.0 -0.0862267363372 0.463503955351 -0.0397785429009 0.00886615020659 0.188198209242 0.258772083193 0.125 0.0130167625878 0.953344081535 0.379840196411 2
0.0 0.278383325096 0.88827097561 -0.221901064001 0.527272319967 0.42094612135 0.532624242927 0.0 0.718265809622 0.857530322157 -0.0613370110655 1
0.0 -0.0630282949023 0.505721846487 -0.130899221956 0.312773365445 0.574248801754 0.576624929622 0.0 0.622598176058 0.939707750259 0.199384579046 1
0.0 -0.091579011431 0.410659895315 -0.12288134729 0.281703999699 0.621849444474 0.541376261347 0.0 0.549078976076 0.939037830996 0.219855051106 1
0.0 -0.110607875031 -0.126411757134 -0.222236286785 0.243603027945 0.588380675721 0.451713653383 0.0 0.0419046841458 0.531114154939 0.261444085286 1
0.0 -0.572032754555 -0.167901866263 -0.653087755046 0.099463052363 0.0554115180004 0.690866089386 0.0 0.104336700827 0.473035349179 -0.22978432276 0
0.0 0.537222927243 0.118295774563 -0.0583065377786 0.639932614652 0.533344727373 0.606071292141 0.0 0.257887776485 0.219997628191 -0.00654629246109 1
0.0 -0.598744991127 0.0539491319323 -0.0961437828115 0.0369250466536 0.318772379121 0.334508018233 0.375 0.197167710978 0.915076355906 0.661941726913 2
0.0 -0.16571559068 0.243943890176 -0.100734638295 -0.134842443428 0.280812195844 0.300416956995 0.5 0.207398474295 1.0109662247 0.577977380123 2
0.0 -0.054850015504 0.521074691292 0.162637024804 0.000301183041921 -0.222620247907 0.292287053552 0.25 0.16336870506 1.18331118897 0.139877636673 2
0.0 -0.231487648748 -0.00760835607668 -0.239637371852 0.312324402995 -0.293755132466 0.600399154499 0.125 0.596628495432 0.592270881403 -0.373704997065 0
0.0 -0.289264315026 -0.212610214438 -0.310196340381 0.209118735847 -0.223334159547 0.320511028128 0.0 -0.260116097363 0.171478776231 -0.208628021222 0
0.0 -0.252388460427 0.732452116243 -0.464594951382 0.622538315506 -0.0884037399906 0.438814730344 0.0 0.679021715765 0.685722941196 -0.14978245907 1
0.0 -0.393038710032 0.816982444826 -0.274055564093 0.299552043614 0.0384357084901 0.177258382526 0.0 0.490619528913 0.749235177626 -0.240981295733 2
0.0 -0.686836160362 -0.138515062255 -0.322939331336 0.578754174602 -0.0310894261996 0.561240500045 0.0 0.0065355072028 0.249444277711 -0.0427110337937 0
0.0 -0.0983437118246 0.755809858978 -0.200079342183 0.588836167095 0.352223930967 0.528728295867 0.0 0.883323571752 0.760028438389 -0.0184061066248 1
0.0 -0.642113309162 0.445513635165 -0.606052013903 0.568265048154 0.119298017619 0.35233658135 0.0 0.592817936321 0.679239772513 0.110588196229 2
0.0 -0.7725393346 -0.239363686531 -0.325662658344 0.417946833834 -0.150886031782 0.583588902917 0.0 -0.278209277923 0.355748624024 -0.157018755402 0
0.0 -0.488963253931 0.30238009722 -0.473864599611 0.0249948052942 0.10455302126 0.661908524768 0.0 -0.0928361640321 0.625797503541 0.0123501004276 1
0.0 -0.541814790255 0.701988740282 -0.307418807147 0.49636457238 0.077260621331 0.160068780086 0.0 0.513778822085 0.710124189495 -0.225743961739 2
0.0 -0.828464699047 -0.185314911576 -0.338727416205 0.355838946566 -0.259798457844 0.731794505452 0.0 -0.0601055044688 0.483112133967 -0.0993786190404 0
0.0 -0.740365939349 -0.175312408969 -0.601659651679 0.662939602193 -0.152211326644 0.783331261716 0.0 0.459279581777 0.683983775797 0.000805637215766 0
0.0 -0.0816269227213 0.454357549739 0.0835835358364 0.713970825452 0.443303371867 0.623516586193 0.0 0.624678801403 0.807802973458 0.33054121602 1
0.0 -0.0713750600478 0.668192098956 -0.0491655646398 0.580847971815 0.416769794568 0.633878013602 0.0 0.753416617892 1.02607320534 0.272772850565 1
0.0 -0.850074589075 -0.183297082486 -0.237892314508 0.637111554167 -0.336923386339 0.784799580418 0.0 0.198185776712 0.349242534845 -0.0818563769591 0
0.0 -0.797669205142 -0.214504082804 -0.396000282202 0.49458721635 -0.339616214143 0.774289890535 0.0 0.35038827756 0.335966505085 -0.145551203794 0
0.0 -0.529363263206 0.748043174644 -0.447067142504 0.455752715178 -0.075709308372 0.264775996409 0.0 0.529554514622 0.780851804963 -0.307613180983 2
0.0 -0.402635252907 0.311465951149 -0.769150796566 0.574021273787 -0.446326933598 0.456628756987 0.0 0.56370607057 0.662331275687 -0.0911616176914 2
0.0 -0.581023583435 0.400254290693 -0.506377675191 0.755744117235 0.0512618178742 0.415795100089 0.0 0.453350629366 0.813911445339 0.024116093909 2
0.0 -0.722774161346 -0.167197877519 -0.449033131066 0.316582246753 -0.458121065334 0.877914674556 0.0 0.365052428174 0.611214153539 -0.286489858105 0
0.0 -0.688355350832 0.658330905215 -0.602223506307 0.464243966484 0.039612950679 0.646519914722 0.0 0.575666969653 0.650984014869 0.04419907522 1
0.0 -0.410449999076 0.606310032359 -0.632233815668 0.486218753079 -0.169861810051 0.357432863856 0.0 0.618753659398 0.762809931738 -0.280896150067 2
0.0 -0.0191090712165 0.636652326198 -0.0249928419366 0.542627551702 0.430839386855 0.596429181508 0.0 0.585117848478 1.03591222716 0.367312915783 1
0.0 -0.569166876941 -0.278305065222 -0.222485118012 0.311772315901 -0.0763889703224 0.527650558652 0.0 0.205108069923 0.332914986549 -0.246250342069 0
0.0 -0.487256831243 0.830175967205 -0.378686571732 0.279515700568 0.135187328147 0.196381216179 0.125 0.46593440218 1.12148303438 -0.241193411364 2
0.0 -0.635177470979 0.233212319347 -0.575822318293 0.862609179295 -0.362303947877 0.612528318769 0.0 0.379903854727 0.743136090441 -0.0162987344954 2
0.0 -0.56778632506 -0.194757882844 -0.182751550669 0.198832626436 -0.281749123909 0.648356533619 0.0 0.390483531733 0.316764524784 -0.316451936999 0
0.0 -0.684310208986 -0.0112093804227 -0.26105601253 0.754701778852 -0.196589209784 0.582016371488 0.0 -0.219532888045 0.299187298715 -0.0582170962725 0
0.0 -0.382194399339 0.921968248019 -0.544965381654 0.504938853445 0.111408192526 0.420889754506 0.0 0.817852696294 0.704352279483 -0.0520414139336 1
0.0 -0.517363865778 0.629874556233 -0.47771390343 0.0752232442032 0.124723196973 0.131384362548 0.0 0.528585674613 0.669339872946 -0.295359572573 2
0.0 -0.582162963266 0.716100407883 -0.160129065018 0.687776548052 0.327785110474 0.742265470705 0.0 0.636548942078 1.11230720868 0.275652816927 1
0.0 -0.161902110703 0.631119575036 -0.142459122131 0.660393133759 0.35303275683 0.466149397789 0.0 0.554153422815 0.899197983566 0.308721369734 1
0.0 -0.189507885659 0.669053544512 -0.0557589701751 0.640168035544 0.450679380817 0.665013976139 0.0 0.760661869734 0.93748518793 0.180637323149 1
0.0 -0.145131692892 0.477633504625 -0.183267371512 0.513924737558 0.544642826398 0.599961317018 0.0 0.583227602234 0.824663266178 0.310008476676 1
0.0 -0.819837731108 -0.185090520986 -0.525317621395 0.495291650151 -0.10637726779 0.596852104484 0.0 -0.0223431764232 0.253878448228 -0.146883302241 0
0.0 -0.0895766800296 0.228409042903 0.0124691717908 0.569917442682 0.47526522113 0.575646863368 0.0 0.467241774781 0.716033748928 0.275273882672 1
0.0 -0.00744522412852 0.377313422189 -0.419723070604 0.540941712992 -0.00666939215091 0.225458448521 0.0 0.6168778527 0.451885980534 -0.278716728724 2
0.0 -0.663315985531 0.615171666913 -0.646509441079 0.315666063177 0.0521143505109 0.348546656168 0.0 0.488047115747 0.802912959412 -0.203342107884 2
0.0 -0.298292887234 0.722866074048 -0.557021853778 0.493588929699 0.0503126440953 0.204457225613 0.0 0.618458461435 0.858929324354 -0.423322190558 2
0.0 -0.77843331752 -0.369900398464 -0.318795642921 0.642377544719 -0.21475884763 0.932765146257 0.0 0.442866818194 0.75555664565 0.171566114225 0
0.0 -0.628502364578 -0.0961610130342 -0.0103417453801 0.242393166261 -0.338477649052 0.448656284886 0.0 -0.132194999497 0.459492548778 -0.098711479501 0
0.0 -0.843808936347 0.88396964928 -0.710570313948 0.369673120576 -0.0826062151162 0.54312005124 0.0 0.599547550045 1.08040449874 -0.139761368068 1
0.0 -0.371710666512 0.451933505244 -0.251319452562 0.349750121005 0.408478949155 0.572487971863 0.0 0.409826014895 0.873013427466 -0.0326784559476 2
0.0 -0.549513107558 -0.110514900916 -0.147067349594 0.386639035417 -0.167659758154 0.4908488599 0.0 0.0371774845401 0.377415533947 0.0167576478844 0
0.0 -0.63776312496 0.619852133521 -0.693468606912 0.287066160107 -0.129879448934 0.647824937937 0.0 0.358291527095 1.00309607907 -0.146508727639 1
0.0 -0.366353602903 0.633166037097 -0.100683556633 0.441010256364 0.319397775274 0.868434172129 0.25 0.464698997336 1.01144578161 0.126800001744 2
0.0 -0.365074297265 0.00400805135812 -0.00192387206021 0.205248469797 -0.325017846824 0.419968638949 0.0 -0.0468578455991 0.604032512081 -0.0835630223429 0
0.0 -0.61159454323 0.860796251494 -0.769869313912 0.353455326725 0.0433023471973 0.69886408247 0.0 0.366300257603 1.05006129524 -0.102252195823 1
0.0 -0.423502423209 0.779738094352 -0.104482671672 0.260309996993 0.231107493817 0.580407613422 0.5 0.434776285244 1.11253961955 0.186228202911 2
0.0 -0.485618444729 -0.0365352886658 -0.156908183917 0.309844376189 -0.0267134952573 0.364143532264 0.0 -0.226167738578 0.314022622678 -0.138683997267 0
0.0 -0.633709696689 -0.180587964688 -0.231647920939 0.307211393482 -0.150649513021 0.531553134162 0.0 -0.0178685263966 0.540543002905 -0.048891185321 0
0.0 -0.40171730336 0.359207872855 -0.987224239153 0.406533858787 -0.295656388638 0.99357137452 0.0 0.116710673652 1.01116757556 0.106457337185 1
0.0 -0.333460773187 0.196569852365 -0.866733268473 0.135305481616 -0.332157519045 0.913288218765 0.0 -0.0544152800078 0.964007594442 0.0577770202001 1
0.0 -0.623158942763 -0.147647005752 -0.172007919282 0.252288374188 -0.276513458402 0.508281130393 0.0 0.0159843206406 0.577283798005 -0.26541378849 0
0.0 -0.566687360642 -0.181974468555 -0.202782421264 0.201800038733 -0.273874967386 0.413172477051 0.0 0.125057362255 0.581493378952 -0.196366631791 0
0.0 -0.564634478715 0.976506768725 -0.334439762215 0.0976342098603 0.0957018826435 0.412288725526 0.5 0.457040570533 1.1237920879 0.202890472069 2
0.0 -0.464045520554 0.581456291709 -0.258141648189 0.314684296371 0.362338891249 0.399576693518 0.0 0.478619439718 0.955364411901 -0.0685653686214 2
0.0 -0.393291863795 0.843665389854 -0.107557667875 0.07068522573 0.0535456232838 0.54030409259 0.625 0.473671080461 1.10787159551 0.213957134696 2
0.0 -0.618856846076 -0.136324066294 -0.297310712191 0.320910262897 -0.250749422825 0.614884394723 0.0 -0.201795527758 0.558675742979 -0.168694297173 0
0.0 -0.482098430069 0.516695648171 -0.695390087812 0.459553597444 -0.120849246431 0.787168412476 0.0 0.0509643250124 0.963966619784 -0.13411989592 1
0.0 -0.448087151866 0.52819819875 -0.339427383818 0.188749046249 0.305563313312 0.935808859881 0.375 0.455084677728 1.06067682944 0.100860880919 2
0.0 -0.507410784499 0.476694158069 -0.754639696299 0.488503045906 -0.254549711851 0.798080582626 0.0 0.101574907583 1.06672582501 0.000361736916068 1
0.0 -0.763506293662 -0.148621947918 -0.0681918313431 0.507703956084 -0.468875107154 0.787997503777 0.0 0.188341159445 0.531145702521 -0.0261939059147 0
0.0 -0.350844630382 0.695683498312 -0.156377587289 0.280372896926 0.262337102638 0.434138906756 0.375 0.365165239498 0.998678249122 0.0866726359212 2
0.0 -0.316980665579 0.774681775303 -0.157534766242 0.144266858844 0.20062725077 0.621399932585 0.375 0.48072684229 1.17984318047 0.188971618229 2
0.0 -0.651329555581 -0.1305888797 -0.274268774391 0.261174736509 -0.395515794168 0.724407540995 0.0 -0.0209725717987 0.703814598365 -0.294677287127 0
0.0 -0.6916662592 -0.213934132605 -0.0998350371506 0.215372091434 -0.299147990032 0.429636448059 0.0 -0.139570930353 0.664298117039 -0.273490695663 0
0.0 -0.277717954891 0.206702303604 -0.842632772936 0.518860803262 -0.536173440016 0.845060093964 0.0 0.0131049362695 1.1600382117 -0.00592654172143 1
0.0 -0.417411726737 0.387599902415 0.173698430415 0.34300694422 0.203659877713 0.487588983122 0.625 0.479118671152 0.908422188156 0.396103515192 2
0.0 -0.68447317681 0.791998428891 -0.707803035885 0.466954212513 -0.164138896524 0.503171847587 0.0 0.647172161651 1.07327364174 -0.124709394421 1
0.0 -0.602193074604 0.903624788315 -0.862800141249 0.402513077561 0.0790233922884 0.738115340862 0.0 0.359638986386 1.1021509545 -0.0154382411453 1
0.0 -0.518953761163 0.442913381779 -0.75750244427 0.188386998784 -0.114693780459 0.749701658589 0.0 0.15645695497 0.994825439674 0.00849245188785 1
0.0 -0.330086917638 0.133239789226 -0.773497498641 0.290647748764 -0.36620128559 0.834830902342 0.0 -0.113378622293 0.869795885069 0.104425526313 1
0.0 -0.676703974723 -0.106186477001 -0.140831760493 0.242611804879 -0.0585018968431 0.423466197291 0.0 -0.260826809598 0.412794879126 -0.245397673861 0
0.0 -0.454605286689 0.451479437254 -0.774310343603 0.579933820245 -0.249957966902 0.552013218872 0.0 0.365224979778 1.3227034143 -0.147244699985 1
0.0 -0.421338030252 0.815380014226 -0.165102146413 0.148788900315 0.0845669920852 0.399056806412 0.25 0.35747576654 1.14098608217 0.243731915446 2
0.0 -0.547439334832 0.931543769845 -0.456379451055 0.144149200346 0.0924915838864 0.257757290518 0.125 0.352019803439 1.07381138205 -0.166927352397 2
0.0 -0.374567486226 0.579459259723 -0.338550637345 0.141041264862 0.310445446687 0.789226296405 0.25 0.487289599204 1.13564962968 0.041264733468 2
0.0 -0.592704284026 -0.128203628659 -0.114355288932 0.235243063097 -0.269976358426 0.574160690954 0.0 0.209872102707 0.451368679079 -0.198297468782 0
0.0 -0.849437967898 -0.273063528955 -0.254091147676 0.54097179845 -0.149580294843 0.830332879675 0.0 0.311340186448 0.431663677758 -0.0423407019783 0
0.0 -0.191026548215 0.653300910672 -0.327746835822 0.613744954511 0.474838861827 0.596106489998 0.0 0.671124137379 0.994858761369 -0.00968665988384 1
0.0 -0.105666542404 0.301376739066 -0.360029605877 0.0378309113536 0.291076840386 0.297224980367 0.0 0.348218924291 0.684647500163 -0.198884543371 2
0.0 -0.743980307284 -0.338389633115 -0.326316397199 0.639138206724 -0.0392386335913 0.809064124538 0.0 0.132897547752 0.399225163057 -0.0655158300362 0
0.0 -0.0532633640619 0.49735180616 -0.288325397952 0.370515211826 0.51693641065 0.604310838486 0.0 0.563718474371 0.83871910509 -0.0790564892159 1
0.0 -0.74331431192 0.52015007859 -0.433614193892 0.605429068607 -0.0582538616175 0.440619166954 0.0 0.39145833092 0.680467618471 -0.295999463238 2
0.0 -0.705607876435 -0.289657240828 -0.359392193028 0.273365810049 0.0812643110551 0.633612788076 0.0 0.424432718497 0.380858649817 -0.103643781777 0
0.0 -0.0933086224642 0.514232860872 0.0340339157306 0.25360277203 0.715805183947 0.545388316733 0.0 0.262355058059 0.532620345925 -0.0412401701639 1
0.0 -0.471288182752 0.66370565685 -0.35656510409 0.292133312621 0.142815867824 0.47482361068 0.0 0.325977659013 0.862094863325 -0.45302660607 2
0.0 -0.554849354103 0.0955975427365 -0.476128093629 0.6172152957 0.239273925146 0.726525991642 0.0 0.665788627057 0.561039025748 -0.0925537539472 0
0.0 -0.822849731363 -0.24113110099 -0.273066451576 0.282761336548 -0.0326968448743 0.472067679842 0.0 -0.112743122259 0.317655654933 -0.128461607708 0
0.0 -0.153369923261 0.734497084007 -0.181167913054 0.60667879638 0.352245616149 0.569410947162 0.0 0.825281007822 0.853082176446 0.179444928432 1
0.0 -0.0272612039141 0.407738128732 0.0117817025858 0.517925223018 0.429536892639 0.586084901725 0.0 0.36309652398 0.889469992372 0.315884906508 1
0.0 -0.806938385916 -0.29927327113 -0.400340470156 0.806484726029 0.171816720607 0.978649438058 0.0 0.446175386423 0.466804082303 -0.029984415151 0
0.0 -0.561659767078 -0.350788385505 -0.357047121828 0.334264340918 -0.0924709378031 0.685600366505 0.0 0.357078972221 0.60074254138 -0.04956214647 0
0.0 -0.412004775666 0.152791608316 -0.507458332111 0.759447395573 -0.382614449663 0.78463894528 0.0 0.379982752674 0.673775756375 0.0201751258094 2
0.0 0.0466570825735 0.886213094127 -0.162518128168 0.22537530108 0.0309157636337 0.15427805275 0.25 0.409127201534 0.98945852147 0.0307107700323 2
0.0 -0.367885903608 0.286538708274 -0.472000925624 0.780104902624 -0.260128421768 0.673527833358 0.0 0.451882916224 0.72058015161 0.0347283985221 2
0.0 -0.766345517872 -0.275347961769 -0.0758557656084 0.562961970105 0.0468372601946 0.70633371512 0.0 0.0295083864181 0.525432525977 0.0611624133843 0
0.0 -0.243368933839 0.563549349802 -0.0520384511424 0.368817695838 0.697941421395 0.468547526092 0.0 0.362669785986 0.598943071879 0.0176971105978 1
0.0 -0.470132545465 0.237675466445 -0.067522192357 0.0324381642525 0.329420704957 0.694506294838 0.0 0.220427092967 1.08898359602 0.392764305483 2
0.0 -0.324114444741 0.598691622064 -0.157686864134 0.53102550724 0.600867520111 0.664482967809 0.0 0.748070708851 0.962563293842 0.236952212816 1
0.0 -0.713838373846 -0.130437639667 -0.193330068617 0.658856297355 0.183896087024 1.08028436099 0.0 0.43027698644 0.423098628551 -0.1154363939 0
0.0 -0.681447351627 0.563046576917 -0.484932031109 0.859892457795 0.165402396766 0.590150922315 0.0 0.388921278671 0.841962426218 -0.121285988977 2
0.0 -0.680796575192 -0.0329939969758 -0.141274526845 0.360685611985 -0.275981010304 0.754386474249 0.0 -0.00917364518746 0.385429953797 -0.24664037176 0
0.0 -0.0554620740601 0.414028768853 -0.0593381590534 0.498235003187 0.455191868979 0.619305993209 0.0 0.52531285683 0.834748887189 0.269114905852 1
0.0 -0.304450370275 0.327947881267 0.0123240896629 0.269339784498 0.164991777309 0.472914521946 0.125 0.626550059939 0.892310380088 0.41359604942 2
0.0 -0.0985712310739 0.448729324941 0.0128024942908 0.535838195594 0.325649740669 0.485745133765 0.0 0.557818265992 0.762932580686 0.267682099965 1
0.0 -0.187810354457 0.731953073646 -0.160810025773 0.629014353474 0.386946466773 0.617137161203 0.0 0.842024981633 0.933646939029 0.230566290841 1
0.0 -0.147243988541 0.656306818974 -0.0856255759924 0.672813016523 0.484495276702 0.647673072016 0.0 0.796826499365 0.989156164368 0.211603554248 1
0.0 -0.158486295578 0.676659893982 -0.206741957449 0.745144491578 0.3568042587 0.737491547765 0.0 0.835250312824 0.908585000317 0.216827746464 1
0.0 -0.799466874948 -0.142681627182 -0.453026733834 0.629880088641 -0.125055926252 0.721715213758 0.0 0.401735550185 0.296460358695 -0.180553980494 0
0.0 -0.261490937151 0.704858924099 -0.222176404114 0.62367190158 0.301174964101 0.535571889487 0.0 0.80926897241 0.926716617042 0.213083480114 1
0.0 -0.656979277938 0.326023159326 -0.333191575182 0.190715745525 0.534322538899 0.880895861046 0.0 0.487036246953 0.967303394726 0.135612879915 2
0.0 -0.273598974901 0.772229063545 -0.399340035624 0.506792339555 0.0106798447215 0.25315113383 0.0 0.388585841515 0.926221761677 -0.354570298831 2
0.0 -0.536411496228 -0.193941029035 -0.280153692095 0.367252374765 -0.189195449061 0.660219504345 0.0 0.277450025105 0.4538777519 -0.180519539937 0
0.0 -0.790291103894 -0.102805710958 -0.237724707118 0.366787330552 -0.23378602248 0.537049558078 0.0 0.0310372364234 0.449179551984 -0.11861202052 0
0.0 -0.37603436485 0.673018813411 -0.239469399778 0.158958408273 0.496135770707 0.764459400997 0.0 0.628409801237 1.04134549499 0.0284594679423 1
0.0 -0.190620364521 0.572001339026 -0.238059704124 0.257199926136 0.192812750872 0.216509862481 0.0 0.304264429527 0.816087192753 -0.00397263157318 2
0.0 -0.674020378294 -0.171985930609 -0.378133996695 0.404060143875 -0.0455925765898 0.561508058878 0.0 0.223466067847 0.332649745387 -0.193169843169 0
0.0 -0.349864662206 0.753659183849 -0.218973544104 0.217755988822 0.647723993248 0.772536306062 0.0 0.699445583277 1.21794133422 -0.0329381258579 1
0.0 -0.630044094577 0.158718359489 -0.167587190348 0.185398217657 0.543001046536 0.843479444485 0.0 0.562362361891 1.1464431297 0.282929328087 2
0.0 -1.0087051935 -0.119694955876 -0.39782151577 0.046175699606 0.0798667407261 0.730478645634 0.0 0.330344486157 0.478982782703 -0.175139429966 0
0.0 -0.688925943313 0.402550755898 -0.346256487443 0.198943027208 0.494809650482 0.816343271254 0.0 0.557177213717 0.877213821706 -0.00659123208494 1
0.0 -0.569147740542 0.637652969982 -0.50422963961 0.169565024707 0.274928188274 0.439099458189 0.25 0.534932642684 1.01427915758 -0.199741179872 2
0.0 -0.734251112543 -0.229732332333 -0.2058727217 0.166765828978 -0.290184388162 0.778341972653 0.0 0.345214044835 0.478948698323 -0.257089976131 0
0.0 -0.931680934398 -0.0633539190997 -0.24529452701 0.456737033927 -0.129800794056 0.980500497335 0.0 0.425184249598 0.508609925609 -0.257439223782 0
0.0 -0.634591006618 0.80511670834 -0.30958748819 0.289148265014 0.55346969964 0.758432013198 0.0 0.546358017361 1.24437726814 -0.0189292449902 1
0.0 -0.105322401943 0.681663768161 -0.272847251844 0.153342789893 0.452580033462 0.661736779444 0.0 0.885872702432 1.16085166969 -0.00300942650773 1
0.0 -0.83899787572 -0.150656929657 -0.254491772619 0.221367608529 -0.126659210427 0.890867319957 0.0 0.441375278719 0.488781987609 -0.182311302885 0
0.0 -0.610124712072 0.0488702551839 -0.211085693178 0.0737960666717 0.0341765910899 0.674124454907 0.0 0.219672234789 0.427994377362 -0.425246023247 0
0.0 -0.327613074905 0.138289042381 -0.0906844884255 0.393540145279 0.326664758199 0.475297497632 0.0 0.10092756631 0.494617367796 -0.0428394201708 2
0.0 -0.384725698232 0.837634007564 -0.0657615069519 0.245178869412 0.10257663454 0.394094568565 0.75 0.526417962337 1.05239097746 0.342731142398 2
0.0 -0.329622132056 0.439408281784 -0.00751907746824 0.137015339051 0.125656538653 0.482493129858 0.625 0.375914923492 0.667698757867 0.32798828943 2
0.0 -0.233650789461 0.221499314571 -0.503308688299 0.25874765599 -0.0369987616745 1.03427585278 0.0 0.630662830424 0.274725071733 -0.338708237551 0
0.0 -0.49196938824 0.711506134783 -0.509600245934 0.0492775653466 0.561150577769 0.782527706433 0.0 0.710734661057 0.907968493983 0.0756509862887 1
0.0 -0.562992574853 0.692944248016 -0.244482011399 0.175044573905 0.194046133464 0.993520945268 0.25 0.446296585669 0.811378037754 0.0928814298328 2
0.0 -0.303969904282 0.571073330311 -0.493090642879 0.385321194055 0.555293414654 0.54757382575 0.0 0.813183172064 1.23930879252 0.0867474384075 1
0.0 -0.573846634431 -0.0400937068422 -0.264003121349 0.105149920367 -0.24272493607 0.815840490289 0.0 0.441423096276 0.439175858918 -0.203502763661 0
0.0 -0.299082525835 0.74622321141 -0.241608584206 0.10670635409 -0.0524117917267 0.892223273508 0.875 0.476426576906 0.976218539645 0.316607777296 2
0.0 -0.424161908813 0.542866687399 -0.132200505947 0.190248143424 0.107871511564 0.495262238978 0.25 0.456481204237 1.15788720282 0.166959020931 2
0.0 -0.43604362598 -0.115650739141 -0.261762638293 -0.0496841610272 0.0595804260355 0.558301389349 0.0 0.474860713773 0.363001914699 -0.284690627687 0
0.0 -0.721852252813 -0.11592151166 -0.374581923961 0.128133840771 0.0867714406227 0.668849003469 0.0 0.364092586485 0.470372709273 -0.140397278963 0
0.0 -0.645580515207 0.622860241912 -0.608350461894 0.228224434135 0.547509951855 0.939369428718 0.125 0.7118853128 1.024098573 -0.0527925990154 1
0.0 -0.566042260469 0.507064841514 -0.247178059894 0.239657973027 0.198080103364 0.412114769045 0.0 0.454650386574 0.994761898805 -0.0267989118478 2
0.0 -0.451646333548 0.693196063218 -0.54104787463 0.526175688784 0.211234669635 1.23993729065 0.0 0.554168191639 1.19787248879 -0.01408746117 1
0.0 -0.27366904469 0.760314125352 -0.356170024482 0.619504752615 0.436361736823 0.756342885244 0.0 0.792742572981 1.38968847381 0.314516230329 1
0.0 -0.454850156918 0.610164337908 -0.364952742849 0.236966105469 0.596287809902 0.661346123293 0.0 0.745489900555 1.07652731522 -0.0235252298411 1
0.0 -0.471926194658 0.603370540289 -0.361244199449 0.284282058856 0.587588436533 1.01582954954 0.0 0.732641490338 1.29924276528 -0.11190920329 1
0.0 -0.912022038351 -0.259163123372 -0.160513475175 0.472036531314 0.0969975932727 0.762262075023 0.0 0.3069677419 0.477174428922 0.0190915415623 0
0.0 -0.544335315843 0.645450551107 -0.592596732259 0.348675283907 0.422390675234 0.931611016316 0.0 0.709352313738 1.24372574084 0.0779681714475 1
0.0 -0.567012105121 0.869936861451 -0.300899610111 0.113884641207 0.126202459543 0.536326262736 0.5 0.491511147457 1.10004872875 0.124074437668 2
0.0 -0.510436581101 0.846058872457 -0.3253729095 0.251864190039 0.311489561711 0.527363211822 0.0 0.505622565122 1.15008210251 -0.0419707966261 2
0.0 -0.541907323408 0.394186682337 -0.389399237563 0.142628644203 0.501734926725 0.84612359495 0.0 0.42008114011 0.767704071031 0.0750006491956 2
0.0 -0.665569514772 0.105318739483 -0.502596111805 0.330458609621 -0.187795165973 0.915665133339 0.0 0.371094103091 0.597362636222 -0.302118614169 0
